RA DEC REDSHIFT
117.13700866699219 19.371322631835938 0.6536999940872192
130.7330322265625 22.575538635253906 2.714099884033203
163.66357421875 5.592619895935059 0.5807999968528748
123.6034164428711 47.45636749267578 1.3731000423431396
132.97669982910156 2.2425200939178467 1.2745000123977661
175.0653533935547 30.11508560180664 3.7881999015808105
205.48696899414062 0.5028740167617798 1.2345999479293823
120.83368682861328 25.43400764465332 0.4771000146865845
231.78990173339844 22.30058479309082 1.4677000045776367
230.36985778808594 21.69563865661621 1.4940999746322632
163.67974853515625 -1.1171690225601196 0.5221999883651733
252.02316284179688 36.14030838012695 0.588699996471405
210.22396850585938 54.50338363647461 4.171000003814697
194.95616149902344 14.09640884399414 1.51010000705719
147.5960235595703 29.036907196044922 0.9929999709129333
132.2484130859375 20.594255447387695 1.045699954032898
131.74217224121094 46.83640670776367 2.120300054550171
194.86474609375 4.024550914764404 2.3375000953674316
129.1979522705078 4.370680809020996 0.18129999935626984
200.22088623046875 25.994314193725586 1.042099952697754
127.204833984375 8.981907844543457 2.271399974822998
192.0887451171875 10.26264476776123 0.3077999949455261
235.35049438476562 27.016841888427734 0.3880999982357025
125.1953353881836 4.1137471199035645 1.4759999513626099
155.00498962402344 39.43263244628906 2.956199884414673
254.81060791015625 38.150230407714844 2.343100070953369
127.59042358398438 11.360715866088867 2.252500057220459
215.35269165039062 42.500892639160156 0.9997000098228455
344.8564147949219 -0.8390169739723206 2.2957000732421875
121.29786682128906 43.50673294067383 2.3046998977661133
172.3262481689453 40.060279846191406 0.8205999732017517
131.55123901367188 32.31022262573242 1.2984000444412231
218.9265594482422 42.55563735961914 2.0699000358581543
163.2316131591797 23.59149169921875 1.318600058555603
160.17755126953125 28.97959327697754 1.6151000261306763
235.85348510742188 23.58225440979004 2.0271999835968018
150.31809997558594 38.74827575683594 0.9240000247955322
178.89340209960938 3.4030721187591553 0.5376999974250793
178.55780029296875 40.50005340576172 2.8924999237060547
240.4098358154297 3.312505006790161 2.1078999042510986
51.709537506103516 0.9892309904098511 1.499400019645691
235.80990600585938 41.874244689941406 1.416100025177002
112.18090057373047 34.97022247314453 2.8685998916625977
182.82028198242188 40.37897491455078 2.5246999263763428
180.68753051757812 14.874957084655762 3.366300106048584
172.19239807128906 -3.5316789150238037 1.5396000146865845
192.41082763671875 0.4054119884967804 1.5555000305175781
118.75096893310547 32.60142517089844 1.2740999460220337
135.23146057128906 21.26595115661621 1.6868000030517578
148.30328369140625 41.92552185058594 1.934399962425232
153.6490478515625 5.006768226623535 0.557200014591217
139.08644104003906 29.522390365600586 3.109100103378296
164.3787078857422 31.086750030517578 0.9962000250816345
164.64401245117188 41.98127746582031 1.1299999952316284
229.75840759277344 16.3765869140625 1.382699966430664
188.0784454345703 34.70917510986328 1.1842000484466553
176.53488159179688 39.969993591308594 1.093500018119812
171.76983642578125 -2.0986509323120117 2.1424999237060547
161.6185760498047 54.927852630615234 3.4249000549316406
165.31845092773438 2.3699710369110107 1.722499966621399
234.70460510253906 1.4942890405654907 1.069000005722046
190.25868225097656 32.400638580322266 1.6122000217437744
154.6944580078125 26.399721145629883 0.3573000133037567
51.00868606567383 -0.5098549723625183 1.3140000104904175
235.2045440673828 11.92570686340332 1.4723999500274658
118.45499420166016 30.59721565246582 1.5159000158309937
147.71075439453125 3.876378059387207 1.184999942779541
344.95745849609375 -0.07055500149726868 1.4149999618530273
232.28213500976562 28.708965301513672 1.695099949836731
34.30575942993164 -0.757489025592804 0.7710000276565552
197.05052185058594 15.299306869506836 1.3013999462127686
209.60549926757812 21.58737564086914 0.6417999863624573
162.5882110595703 60.93341064453125 1.316100001335144
227.74366760253906 12.799266815185547 1.9615999460220337
193.77183532714844 43.06537628173828 0.2994000017642975
119.39128112792969 23.555204391479492 1.3131999969482422
207.48829650878906 55.784122467041016 0.8758999705314636
156.7255401611328 19.71946144104004 1.868499994277954
176.02227783203125 46.06825637817383 0.44510000944137573
151.876953125 5.161764144897461 0.9204000234603882
175.2843017578125 47.78170394897461 1.069000005722046
140.75732421875 33.45872497558594 2.0550999641418457
128.7108917236328 38.5602912902832 3.402899980545044
193.95648193359375 18.227155685424805 1.4092999696731567
118.94413757324219 42.955875396728516 0.5112000107765198
193.11570739746094 36.210018157958984 1.3529000282287598
339.3547058105469 0.9200829863548279 0.4966999888420105
12.969799041748047 -0.417620986700058 1.2731000185012817
253.37989807128906 22.566822052001953 1.1131000518798828
165.96868896484375 58.82320022583008 1.3300000429153442
259.2181091308594 59.03339385986328 2.3696000576019287
166.86032104492188 5.97898006439209 1.8131999969482422
154.28863525390625 29.044822692871094 1.5236999988555908
38.00453567504883 0.4123769998550415 0.6330000162124634
183.62542724609375 13.42288589477539 3.0817999839782715
134.04136657714844 56.95405578613281 0.18719999492168427
164.0814971923828 64.10554504394531 1.5339000225067139
161.73782348632812 16.835346221923828 4.077099800109863
352.13958740234375 -0.8761699795722961 0.8561999797821045
249.6966552734375 10.866634368896484 0.6050000190734863
223.3464813232422 8.377596855163574 1.2588000297546387
49.38617706298828 -0.920412003993988 1.5547000169754028
179.2751007080078 42.82008743286133 1.7807999849319458
137.68316650390625 40.87403869628906 1.0069999694824219
191.94158935546875 50.38125991821289 2.327899932861328
149.83975219726562 4.909408092498779 0.8779000043869019
213.80758666992188 11.26966667175293 1.544800043106079
201.3116455078125 -1.3589739799499512 0.5529999732971191
179.7126007080078 33.238494873046875 2.169600009918213
220.00372314453125 16.3498592376709 3.275599956512451
205.30804443359375 -0.8875089883804321 0.23739999532699585
209.06808471679688 4.29801607131958 3.726099967956543
215.9915313720703 52.012935638427734 0.8224999904632568
219.03810119628906 31.574098587036133 1.8805999755859375
229.89219665527344 -1.6816580295562744 0.9659000039100647
167.15188598632812 50.26128005981445 1.155400037765503
40.03385543823242 -7.871285915374756 0.4025999903678894
219.9634246826172 1.5861059427261353 0.9387000203132629
0.5908650159835815 15.248492240905762 1.8249000310897827
139.2386016845703 -0.17680400609970093 1.6150000095367432
191.2094268798828 21.784074783325195 0.7667999863624573
181.15255737304688 25.309173583984375 3.4300999641418457
238.43789672851562 50.50873565673828 1.1646000146865845
200.9074249267578 16.460254669189453 0.31349998712539673
152.0895233154297 3.658149003982544 0.3666999936103821
164.55435180664062 49.660030364990234 2.392400026321411
174.1821746826172 4.172059059143066 1.4638999700546265
232.26768493652344 57.947967529296875 1.4285999536514282
231.3639373779297 6.169798851013184 1.3961999416351318
182.07069396972656 23.308837890625 0.9259999990463257
128.32249450683594 24.980886459350586 3.4482998847961426
182.2234344482422 17.00042724609375 1.0095000267028809
229.79232788085938 60.7381591796875 2.0243000984191895
226.87298583984375 0.120728999376297 1.732699990272522
139.10047912597656 44.15479278564453 0.4758000075817108
209.96080017089844 62.949214935302734 0.3280999958515167
125.96137237548828 50.60551834106445 1.7475999593734741
241.88182067871094 53.117984771728516 0.887499988079071
151.61642456054688 60.512115478515625 0.2102999985218048
132.4541015625 27.944103240966797 2.8526999950408936
212.26730346679688 54.17325973510742 2.504699945449829
160.18663024902344 29.29134178161621 2.0546998977661133
139.20201110839844 23.554027557373047 0.9200000166893005
340.6710205078125 -8.124444007873535 1.8452999591827393
180.53761291503906 24.933837890625 1.486899971961975
161.33221435546875 53.471675872802734 0.49390000104904175
155.2733917236328 29.64190101623535 1.0534000396728516
226.4081268310547 45.32976531982422 0.7439000010490417
206.56497192382812 3.276602029800415 1.042799949645996
239.95518493652344 53.85033416748047 1.3982000350952148
186.64581298828125 6.674434185028076 0.9521999955177307
348.32440185546875 -8.377341270446777 0.366100013256073
200.76431274414062 13.328554153442383 1.735200047492981
134.11038208007812 20.693681716918945 2.1184000968933105
345.01861572265625 -9.90910530090332 0.5551000237464905
176.02679443359375 56.51148223876953 3.2715001106262207
183.71739196777344 18.16638946533203 1.410599946975708
120.50518035888672 23.390531539916992 2.0727999210357666
337.8521728515625 -8.780332565307617 2.050100088119507
237.8297882080078 30.672176361083984 2.4205000400543213
148.68544006347656 27.128747940063477 3.3125
207.3082275390625 24.978530883789062 1.3804999589920044
224.33865356445312 26.188671112060547 0.2296999990940094
176.91729736328125 44.24740219116211 1.6397000551223755
178.2867889404297 65.18150329589844 1.093999981880188
264.338134765625 55.0560302734375 0.33320000767707825
168.9843292236328 7.270102024078369 0.3930000066757202
179.47650146484375 28.55985450744629 0.3400999903678894
15.518210411071777 -10.634970664978027 0.3041999936103821
203.7342529296875 32.27985763549805 0.38600000739097595
128.22486877441406 43.78681945800781 1.84089994430542
197.99163818359375 1.5882090330123901 1.0807000398635864
166.34640502929688 58.20912170410156 0.8790000081062317
237.26011657714844 32.30055618286133 2.633699893951416
218.21177673339844 1.9842549562454224 0.7598999738693237
146.0456085205078 2.4314539432525635 1.6404999494552612
242.76866149902344 9.047123908996582 1.1397000551223755
145.80899047851562 25.522916793823242 1.0814000368118286
172.5747528076172 16.004838943481445 1.3625999689102173
143.66815185546875 6.318222999572754 1.5029000043869019
243.29794311523438 12.882159233093262 1.354599952697754
237.65760803222656 27.26959228515625 3.2564001083374023
137.50489807128906 19.031513214111328 2.165800094604492
195.99124145507812 50.11064529418945 0.39169999957084656
133.43186950683594 5.65984582901001 1.2786999940872192
167.40713500976562 55.30554962158203 0.9850000143051147
171.41160583496094 40.08065414428711 1.129699945449829
115.65190887451172 23.522737503051758 0.9132999777793884
231.3511962890625 3.5963220596313477 1.059399962425232
249.1205291748047 24.31260108947754 2.294600009918213
8.95218276977539 0.8201490044593811 1.5960999727249146
175.73263549804688 9.595162391662598 1.916100025177002
236.35186767578125 19.172985076904297 1.4692000150680542
227.58255004882812 18.670202255249023 2.6280999183654785
172.44049072265625 62.3427619934082 1.5223000049591064
189.9268798828125 27.92706871032715 3.199399948120117
124.69157409667969 29.640094757080078 1.5936000347137451
225.5940704345703 20.120637893676758 0.6858000159263611
198.94830322265625 35.721683502197266 0.6643000245094299
125.91036987304688 59.44682693481445 0.7627999782562256
224.59803771972656 44.395809173583984 1.3933000564575195
219.98394775390625 53.64899444580078 0.6455000042915344
199.3007354736328 27.472183227539062 4.584400177001953
146.56153869628906 39.77021789550781 2.0592000484466553
40.48813247680664 0.11765699833631516 1.5634000301361084
145.6436309814453 32.34324645996094 1.4063999652862549
148.38719177246094 36.431312561035156 2.3097000122070312
186.83029174804688 35.14420700073242 1.1694999933242798
186.9041748046875 27.367847442626953 3.024899959564209
149.57395935058594 24.92093849182129 4.158599853515625
172.27015686035156 16.641212463378906 1.840499997138977
39.411155700683594 -0.5586490035057068 1.8569999933242798
237.64483642578125 43.067848205566406 1.2457000017166138
156.66123962402344 45.104705810546875 0.32409998774528503
177.3715057373047 47.74142074584961 0.6561999917030334
244.6402130126953 44.4338493347168 1.4598000049591064
164.2991943359375 58.33085250854492 1.8316999673843384
146.39712524414062 45.51731872558594 1.2333999872207642
208.7554473876953 1.8466240167617798 0.9549999833106995
180.01292419433594 8.123944282531738 0.33219999074935913
121.407470703125 34.26739501953125 3.558000087738037
235.61134338378906 21.42639923095703 1.1866999864578247
241.81094360351562 21.600629806518555 1.0586999654769897
139.2293243408203 15.515021324157715 1.0068999528884888
169.59674072265625 9.084705352783203 1.1922999620437622
206.70497131347656 46.652591705322266 2.171799898147583
246.4695281982422 14.69329833984375 0.8317999839782715
3.563843011856079 13.744794845581055 0.842199981212616
112.6878890991211 36.57527160644531 1.080299973487854
23.912641525268555 22.912750244140625 1.4230999946594238
140.7517852783203 35.9694709777832 2.057800054550171
159.41505432128906 50.25159454345703 0.9319999814033508
140.1678466796875 28.10466194152832 1.5241999626159668
135.42262268066406 2.9294989109039307 1.0151000022888184
151.7864532470703 4.150702953338623 1.2598999738693237
128.66714477539062 40.41719055175781 2.0260000228881836
192.1789093017578 53.247100830078125 1.6517000198364258
139.2332763671875 16.459735870361328 1.892300009727478
260.4248046875 28.639169692993164 1.5773999691009521
153.10287475585938 5.927975177764893 1.586899995803833
141.78173828125 49.867530822753906 1.868299961090088
131.6043701171875 56.4373893737793 0.9017999768257141
170.76385498046875 17.755006790161133 1.8593000173568726
147.55856323242188 58.02682113647461 3.9600000381469727
150.19540405273438 28.165184020996094 1.1200000047683716
152.9707794189453 54.701786041259766 0.24609999358654022
148.2185516357422 11.372442245483398 1.6704000234603882
30.02630615234375 -0.6193879842758179 2.140500068664551
220.7071075439453 64.20817565917969 1.9602999687194824
224.58848571777344 55.898799896240234 2.0508999824523926
188.54100036621094 54.82406997680664 1.742400050163269
172.6716766357422 26.389604568481445 0.566100001335144
191.51873779296875 -0.9477900266647339 1.7395999431610107
119.19556427001953 38.11869812011719 1.3198000192642212
141.96409606933594 15.961995124816895 0.7684999704360962
165.57913208007812 31.299551010131836 2.1545000076293945
154.05209350585938 10.842855453491211 1.7717000246047974
181.6378173828125 41.42669677734375 0.5539000034332275
168.520751953125 21.0069580078125 3.140000104904175
239.73062133789062 12.932029724121094 0.28790000081062317
165.1938018798828 39.448368072509766 0.6743999719619751
39.447391510009766 -0.40313398838043213 1.2812000513076782
146.5625457763672 25.81169319152832 1.194000005722046
222.2361602783203 17.851884841918945 1.317199945449829
231.47265625 28.497289657592773 0.9366000294685364
189.15704345703125 29.861913681030273 1.8381999731063843
133.86297607421875 51.1525764465332 0.7077999711036682
60.66521453857422 -5.372841835021973 1.6603000164031982
216.76123046875 -0.22915400564670563 0.753600001335144
161.7727508544922 51.73521423339844 2.930999994277954
224.08726501464844 28.67061424255371 1.871000051498413
139.9901885986328 8.469622611999512 1.5405000448226929
227.87367248535156 20.062082290649414 2.6617000102996826
203.89041137695312 3.4363420009613037 1.906999945640564
206.96966552734375 44.20973205566406 1.4549000263214111
13.699317932128906 -0.9574170112609863 1.7633999586105347
155.96226501464844 4.261674880981445 1.808899998664856
165.449462890625 42.5964241027832 2.0917000770568848
182.28623962402344 30.70801544189453 1.6862000226974487
171.8352813720703 34.776187896728516 1.0135999917984009
152.5352325439453 28.155094146728516 3.189300060272217
129.2969512939453 5.529071807861328 0.7612000107765198
200.64637756347656 58.69021224975586 2.8308000564575195
222.3920440673828 35.4223747253418 1.868499994277954
154.17591857910156 31.9007625579834 1.0621999502182007
228.33505249023438 17.731048583984375 1.517699956893921
166.5662384033203 55.45236587524414 0.9944999814033508
183.96047973632812 1.0132440328598022 1.5211000442504883
247.76597595214844 28.058740615844727 1.5398999452590942
133.3253936767578 1.3430750370025635 1.6411000490188599
199.0729522705078 64.68234252929688 1.9280999898910522
158.5266876220703 25.408733367919922 3.0957999229431152
180.01809692382812 8.163840293884277 4.422800064086914
20.747880935668945 15.1964693069458 1.2762999534606934
195.95761108398438 63.974403381347656 2.0409998893737793
148.09877014160156 44.19310760498047 0.6154999732971191
142.18557739257812 23.08216094970703 1.7493000030517578
221.01925659179688 34.959808349609375 3.4282000064849854
253.2900848388672 21.648883819580078 1.46589994430542
351.0755615234375 0.733473002910614 2.3304998874664307
191.39120483398438 2.3019049167633057 0.7179999947547913
326.1412658691406 0.5078330039978027 1.4675999879837036
256.8052978515625 24.963947296142578 1.7985999584197998
21.733110427856445 0.8756899833679199 1.3932000398635864
142.6094970703125 38.19756317138672 0.7188000082969666
149.66929626464844 9.902667999267578 1.0920000076293945
209.01092529296875 54.590938568115234 2.1951000690460205
239.72903442382812 54.476707458496094 1.0765999555587769
230.3809814453125 44.70490264892578 0.7555999755859375
43.32820510864258 0.07055500149726868 1.5618000030517578
228.4534454345703 7.369576930999756 1.1277999877929688
174.17141723632812 -2.4752120971679688 0.9763000011444092
211.69476318359375 19.541950225830078 1.7419999837875366
137.435546875 45.262115478515625 0.48750001192092896
227.797607421875 44.97476577758789 0.6381000280380249
208.5823211669922 24.79521942138672 1.2783000469207764
174.0355682373047 25.056137084960938 3.6254000663757324
144.27845764160156 6.51702880859375 1.6898000240325928
128.6976318359375 52.3938102722168 1.3125
237.38943481445312 0.7923660278320312 1.2503999471664429
201.107421875 12.404112815856934 1.926200032234192
198.12301635742188 39.20320510864258 1.2980999946594238
212.8669891357422 50.56950759887695 0.6571000218391418
153.97329711914062 26.562227249145508 1.7477999925613403
210.1262969970703 13.32293701171875 1.5473999977111816
334.0769348144531 -9.486808776855469 1.3238999843597412
163.0056610107422 44.23884582519531 1.7896000146865845
345.6872863769531 -0.40949198603630066 2.234800100326538
14.407139778137207 14.716506958007812 0.24060000479221344
144.4886016845703 24.539215087890625 1.6787999868392944
215.17027282714844 6.8498687744140625 0.23749999701976776
208.8992156982422 0.7036529779434204 1.6205999851226807
187.52960205078125 31.373615264892578 1.0470000505447388
187.71572875976562 38.82890319824219 3.460400104522705
134.98980712890625 24.41208267211914 3.349600076675415
135.5384063720703 31.814739227294922 2.17330002784729
215.93719482421875 3.744899034500122 0.313400000333786
151.39352416992188 2.17113995552063 1.8248000144958496
189.49008178710938 -0.4746040105819702 1.6952999830245972
160.59129333496094 39.74628829956055 0.4717000126838684
133.46957397460938 14.504363059997559 0.5837000012397766
223.92881774902344 42.83263397216797 0.6510999798774719
188.3257598876953 13.790143013000488 3.101799964904785
222.5199432373047 24.116321563720703 4.066199779510498
255.3925323486328 25.810571670532227 0.6051999926567078
190.49798583984375 39.5276985168457 2.0487000942230225
170.12648010253906 54.74129104614258 0.7297999858856201
209.10116577148438 16.273792266845703 1.166200041770935
121.3762435913086 42.80683517456055 2.256200075149536
169.678466796875 31.054838180541992 0.2700999975204468
180.7256622314453 9.670663833618164 0.7631999850273132
230.2420654296875 29.364091873168945 1.3006999492645264
215.50387573242188 7.674699783325195 2.511699914932251
202.747314453125 44.53642654418945 1.8141000270843506
151.986083984375 45.88108825683594 1.9628000259399414
129.49130249023438 38.62419891357422 2.052299976348877
217.4590301513672 0.053943000733852386 1.2590999603271484
170.79226684570312 -0.16148699820041656 0.88919997215271
221.6105499267578 21.549413681030273 1.0017000436782837
127.92424774169922 46.32284164428711 2.3856000900268555
205.62286376953125 9.746063232421875 2.900700092315674
236.9508056640625 12.954778671264648 1.9285000562667847
137.58041381835938 3.171962022781372 2.0764000415802
172.01087951660156 67.99175262451172 2.8661000728607178
217.28465270996094 43.05478286743164 0.8166000247001648
217.88230895996094 4.059158802032471 1.9865000247955322
204.6530303955078 44.245140075683594 0.257999986410141
220.237548828125 5.91602897644043 1.9550000429153442
134.19039916992188 61.06206130981445 1.4286999702453613
60.624610900878906 -6.279242038726807 2.668100118637085
179.71910095214844 11.856863975524902 3.259000062942505
247.74171447753906 37.12595748901367 0.8022000193595886
156.7099609375 1.0884369611740112 2.273200035095215
213.0296173095703 23.494264602661133 3.182800054550171
235.1790771484375 41.63788986206055 2.5157999992370605
124.11650848388672 51.5609245300293 1.4641000032424927
247.91046142578125 42.31504440307617 1.4884999990463257
156.75633239746094 29.830602645874023 0.4749999940395355
156.25791931152344 15.623800277709961 1.403499960899353
344.5000915527344 -8.695488929748535 1.4944000244140625
151.14297485351562 55.706172943115234 1.9315999746322632
121.24089813232422 14.434524536132812 1.6999000310897827
27.4902400970459 -10.33446216583252 1.8531999588012695
224.57260131835938 45.92081832885742 0.2856999933719635
253.19203186035156 37.445655822753906 1.712499976158142
234.7772216796875 32.3509521484375 0.7731999754905701
152.40512084960938 7.031432151794434 1.162500023841858
123.3107681274414 7.715487003326416 1.8984999656677246
49.956703186035156 -8.25763988494873 1.8166999816894531
250.52798461914062 27.07560157775879 1.7134000062942505
344.22509765625 -10.596660614013672 0.5098999738693237
198.5828399658203 40.38521194458008 1.8173999786376953
158.1221160888672 44.10373306274414 0.3840000033378601
165.19664001464844 65.93739318847656 1.8598999977111816
133.35862731933594 14.711974143981934 1.7893999814987183
228.67349243164062 59.64642333984375 0.7584999799728394
215.49099731445312 49.3162727355957 2.109100103378296
220.2377166748047 46.21632385253906 2.1041998863220215
139.66416931152344 14.190946578979492 1.3265999555587769
119.81717681884766 9.461960792541504 2.6250998973846436
250.89952087402344 41.751708984375 1.2990000247955322
132.17567443847656 2.9407129287719727 2.9751999378204346
193.38143920898438 5.351457118988037 0.42419999837875366
212.42050170898438 9.27729320526123 3.063999891281128
143.25770568847656 31.74740219116211 0.3111000061035156
184.8007354736328 14.667610168457031 0.921999990940094
209.96524047851562 60.47712326049805 1.9026000499725342
161.46604919433594 47.21267318725586 2.4421000480651855
166.7904510498047 6.70036506652832 1.5938999652862549
166.78720092773438 33.799598693847656 0.31630000472068787
218.58981323242188 12.569247245788574 1.125599980354309
10.69571590423584 16.173044204711914 1.4569000005722046
145.32131958007812 61.839569091796875 2.742500066757202
161.05551147460938 -0.05687899887561798 0.2797999978065491
228.05799865722656 24.13030433654785 1.1894999742507935
32.462860107421875 -9.79090690612793 1.565999984741211
253.83010864257812 32.711402893066406 3.186800003051758
143.8086395263672 37.361328125 1.7969000339508057
140.42825317382812 1.073173999786377 1.3740999698638916
192.19107055664062 30.339298248291016 1.1512000560760498
157.26316833496094 -0.6334739923477173 1.5405999422073364
28.97794532775879 1.1717779636383057 0.45080000162124634
139.7403106689453 53.538909912109375 3.012500047683716
186.87115478515625 30.914148330688477 0.515500009059906
164.0924072265625 7.2140631675720215 1.656499981880188
158.60174560546875 49.53915786743164 1.6167000532150269
329.18603515625 0.04734300076961517 1.6474000215530396
191.91725158691406 3.8215270042419434 0.2393999993801117
218.31573486328125 2.678075075149536 0.8586000204086304
348.3518981933594 0.5790320038795471 2.0840001106262207
210.18753051757812 62.30402374267578 0.5422999858856201
126.88445281982422 14.222829818725586 0.9610999822616577
152.39517211914062 8.847058296203613 0.2345999926328659
15.706718444824219 14.314838409423828 1.2454999685287476
174.27330017089844 41.56201934814453 1.464900016784668
216.57789611816406 51.298221588134766 0.8434000015258789
230.0343017578125 46.270931243896484 0.17640000581741333
240.66026306152344 41.16672897338867 1.0950000286102295
156.93914794921875 2.0578129291534424 0.7447999715805054
358.4049377441406 0.09290999919176102 0.8899999856948853
234.00730895996094 44.965484619140625 1.8131999969482422
327.4491882324219 -7.072286128997803 1.3244999647140503
206.035888671875 15.356952667236328 4.936200141906738
241.9936981201172 42.22234344482422 1.5625
163.77500915527344 61.90538787841797 0.9929999709129333
185.852294921875 25.2020320892334 1.660599946975708
2.739983081817627 1.1698670387268066 3.1059999465942383
256.1417236328125 59.20098876953125 1.3579000234603882
27.33685874938965 13.803641319274902 0.3176000118255615
215.48550415039062 47.42142105102539 0.6700000166893005
253.55380249023438 37.584468841552734 2.6108999252319336
138.17123413085938 41.89835739135742 1.3105000257492065
44.56477737426758 -0.05950700119137764 1.3202999830245972
143.54103088378906 42.66244888305664 0.3425999879837036
122.68743896484375 47.01237106323242 1.6591999530792236
237.23440551757812 40.521034240722656 0.679099977016449
148.5659942626953 6.234982013702393 1.3530999422073364
45.789154052734375 -1.2226959466934204 1.0372999906539917
172.2820281982422 16.722925186157227 1.9967000484466553
45.788150787353516 38.64921951293945 2.794800043106079
28.335084915161133 0.022274000570178032 1.714900016784668
164.8096923828125 29.419382095336914 1.9772000312805176
158.66639709472656 46.65424728393555 3.2165000438690186
28.039079666137695 -0.9546650052070618 2.2365000247955322
235.99452209472656 15.153663635253906 1.0657999515533447
187.89158630371094 20.099567413330078 1.7352999448776245
112.40438842773438 37.909725189208984 0.2037000060081482
227.9871368408203 40.524967193603516 2.276099920272827
163.2523193359375 8.091294288635254 2.101799964904785
141.61546325683594 44.23175048828125 1.5587999820709229
132.71119689941406 19.945960998535156 0.838100016117096
313.90814208984375 76.13018035888672 1.3252999782562256
164.58331298828125 64.47901153564453 2.2802999019622803
141.75057983398438 19.01073455810547 0.19059999287128448
120.77430725097656 50.53755569458008 3.2460999488830566
127.18330383300781 32.42790985107422 1.4661999940872192
169.37374877929688 34.68989562988281 0.7630000114440918
127.85850524902344 43.42032241821289 1.2304999828338623
197.46424865722656 49.12500762939453 2.2207000255584717
127.54379272460938 32.23130798339844 0.5217999815940857
133.200439453125 3.267997980117798 1.4283000230789185
320.8836364746094 -0.6761900186538696 1.1783000230789185
129.7579345703125 5.043300151824951 2.1140999794006348
129.54747009277344 38.38663101196289 2.0727999210357666
42.52927780151367 0.4237169921398163 0.19779999554157257
199.4173583984375 24.686574935913086 1.1719000339508057
136.3839569091797 -0.24178199470043182 4.2617998123168945
214.7498016357422 4.992302894592285 1.2145999670028687
205.42274475097656 46.186195373535156 5.0233001708984375
146.27474975585938 -0.7791560292243958 2.2967000007629395
3.226555109024048 -1.1440600156784058 3.1468000411987305
245.33340454101562 0.22916099429130554 1.6591999530792236
195.25360107421875 28.329092025756836 1.3596999645233154
177.93991088867188 56.37000274658203 0.5515000224113464
146.4569854736328 57.95270919799805 0.35109999775886536
119.986572265625 16.421743392944336 1.4521000385284424
177.52236938476562 1.6474250555038452 2.3255999088287354
120.82818603515625 13.134499549865723 1.4522000551223755
224.06591796875 43.66511535644531 3.170300006866455
169.4180908203125 16.48753547668457 1.4675999879837036
1.1924430131912231 -0.05378599837422371 1.5953999757766724
30.97983741760254 0.027660999447107315 0.5475999712944031
230.1158905029297 7.696002960205078 1.6517000198364258
141.3090057373047 13.588089942932129 1.3932000398635864
232.67660522460938 58.92138671875 1.3725999593734741
195.32093811035156 61.85182189941406 1.0276999473571777
244.0352325439453 8.127266883850098 1.7574000358581543
157.95565795898438 37.1820182800293 2.1150999069213867
242.80772399902344 11.811884880065918 3.0601000785827637
192.17527770996094 6.713409900665283 1.9746999740600586
24.567365646362305 14.075471878051758 0.8733000159263611
216.61227416992188 25.1260929107666 0.8769999742507935
232.533203125 48.15890884399414 0.7253999710083008
178.36459350585938 37.27907943725586 1.830399990081787
220.02647399902344 8.165724754333496 1.8039000034332275
246.8474578857422 14.93429183959961 0.8751999735832214
196.93495178222656 36.1558952331543 1.399999976158142
33.704593658447266 -0.8447120189666748 1.5976999998092651
217.73135375976562 23.116718292236328 3.456199884414673
128.17202758789062 8.659841537475586 0.866100013256073
159.2652130126953 45.681663513183594 1.586300015449524
346.6335754394531 0.7699429988861084 0.5706999897956848
215.8072967529297 42.015289306640625 0.8679999709129333
117.7577896118164 33.94649887084961 0.4821000099182129
189.40130615234375 32.69321823120117 1.0342999696731567
172.7405548095703 -1.9274059534072876 1.3686000108718872
223.6179656982422 1.5383440256118774 1.4515999555587769
262.2633972167969 55.96342468261719 1.1039999723434448
242.84353637695312 41.73598861694336 3.1314001083374023
138.2933807373047 39.38274002075195 1.2977999448776245
121.57688903808594 28.162174224853516 1.659500002861023
148.4389190673828 26.303630828857422 1.2884999513626099
127.27088928222656 57.261573791503906 0.3504999876022339
161.96949768066406 20.44415855407715 1.5953999757766724
246.20582580566406 9.396581649780273 2.27239990234375
158.74603271484375 48.73246383666992 0.9710000157356262
146.9390106201172 11.638764381408691 0.984000027179718
238.63938903808594 30.811031341552734 1.541200041770935
155.20762634277344 47.463741302490234 0.9276999831199646
213.30615234375 41.53053283691406 3.5309998989105225
139.62001037597656 38.629974365234375 1.7488000392913818
173.64295959472656 56.769657135009766 2.3684000968933105
185.32431030273438 6.293598175048828 1.7789000272750854
167.2205047607422 32.0135383605957 3.692699909210205
181.3223114013672 19.27175521850586 0.8302000164985657
238.79502868652344 41.16191101074219 1.6330000162124634
172.5518341064453 54.735008239746094 1.5595999956130981
17.17691421508789 -9.211590766906738 0.38830000162124634
150.2321319580078 31.667015075683594 0.19480000436306
187.68821716308594 32.38782501220703 1.7930999994277954
202.5948486328125 28.22587776184082 3.3196001052856445
203.92245483398438 48.59169006347656 2.7558000087738037
178.1722869873047 59.18281173706055 0.7139999866485596
172.28158569335938 60.04460906982422 4.244900226593018
172.89077758789062 29.642047882080078 3.1231000423431396
123.60795593261719 18.337034225463867 1.9018000364303589
213.60546875 36.60956573486328 0.6162999868392944
161.12606811523438 5.315915107727051 0.9025999903678894
163.97723388671875 37.668853759765625 1.7242000102996826
153.690185546875 23.557178497314453 0.7551000118255615
196.54664611816406 -0.15914499759674072 0.39250001311302185
317.8566589355469 -7.046034812927246 0.8992000222206116
211.60345458984375 61.444698333740234 2.135200023651123
34.03858947753906 0.5785660147666931 1.0540000200271606
161.82611083984375 13.055168151855469 3.41510009765625
201.68663024902344 15.914270401000977 3.81820011138916
217.8301239013672 52.21172332763672 2.555799961090088
154.82846069335938 10.502506256103516 0.400299996137619
10.451289176940918 15.068340301513672 0.3971000015735626
41.64207458496094 -8.42670726776123 1.6856000423431396
49.77417755126953 0.7145779728889465 1.5134999752044678
190.24197387695312 63.57691955566406 0.5917999744415283
347.11785888671875 0.17949099838733673 1.131100058555603
145.24227905273438 55.89029312133789 1.5010000467300415
221.57606506347656 60.101890563964844 3.0941998958587646
136.87196350097656 55.467899322509766 1.5365999937057495
156.1009521484375 25.577898025512695 2.1191000938415527
230.41098022460938 56.62797546386719 1.7302000522613525
135.2525177001953 36.68842315673828 0.49149999022483826
168.57557678222656 63.00080490112305 2.0636000633239746
166.44894409179688 24.362079620361328 0.8734999895095825
154.66880798339844 26.161670684814453 1.3845000267028809
154.07662963867188 1.671260952949524 1.7240999937057495
204.32290649414062 27.018640518188477 0.638700008392334
125.20691680908203 56.11640167236328 0.597100019454956
358.3393249511719 -11.028388977050781 0.40869998931884766
221.0946502685547 2.8331499099731445 0.9890999794006348
19.198528289794922 1.2469860315322876 1.9637999534606934
24.578754425048828 13.009586334228516 1.4472999572753906
240.13124084472656 25.755081176757812 1.2766000032424927
182.42857360839844 32.85147476196289 1.7489999532699585
243.47579956054688 44.6913948059082 1.860200047492981
24.79288101196289 -10.339188575744629 0.9729999899864197
343.6059265136719 -1.2223620414733887 2.346299886703491
2.4394490718841553 0.22696399688720703 0.6973000168800354
137.28753662109375 19.186002731323242 0.6735000014305115
238.9373016357422 5.168839931488037 0.6879000067710876
127.76068878173828 33.9675407409668 2.427299976348877
249.84918212890625 36.3388786315918 1.7482999563217163
37.05687713623047 0.5420240163803101 2.010699987411499
190.65615844726562 19.126930236816406 1.8356000185012817
253.7795867919922 32.567604064941406 1.6550999879837036
193.27804565429688 13.101364135742188 3.624300003051758
25.001028060913086 -1.2000659704208374 0.7829999923706055
127.18800354003906 18.080888748168945 1.1101000308990479
5.541477203369141 0.2748109996318817 0.5748999714851379
139.0343475341797 0.35203298926353455 1.5906000137329102
202.1260528564453 14.00622844696045 3.062700033187866
139.87496948242188 10.881081581115723 1.7942999601364136
241.8091278076172 13.108627319335938 1.003000020980835
252.4744110107422 40.28093719482422 0.3481000065803528
179.98794555664062 40.68489074707031 1.44350004196167
163.1649932861328 0.7975990176200867 2.5195999145507812
211.2288055419922 59.2082405090332 1.1979999542236328
321.8139343261719 -6.344927787780762 0.7038000226020813
257.9264221191406 29.233007431030273 1.9144999980926514
154.63658142089844 26.920236587524414 2.1059000492095947
329.7647399902344 -0.9944270253181458 1.9665000438690186
186.56809997558594 30.01276969909668 2.246500015258789
190.19810485839844 24.097095489501953 3.585599899291992
124.67095947265625 30.987939834594727 1.677899956703186
204.3278045654297 45.377071380615234 3.147200107574463
201.06101989746094 46.43936538696289 0.5465999841690063
237.83473205566406 5.821073055267334 0.9300000071525574
40.32647705078125 0.4914030134677887 1.0928000211715698
143.32582092285156 67.19036865234375 1.3025000095367432
117.93811798095703 41.25996780395508 0.42899999022483826
115.5133285522461 33.10478591918945 1.954200029373169
200.90196228027344 28.397268295288086 3.4238998889923096
227.38235473632812 41.71864700317383 1.117400050163269
11.000922203063965 14.696025848388672 1.3250000476837158
202.36756896972656 49.32422637939453 1.8423999547958374
340.1172790527344 -0.6369820237159729 0.6589000225067139
162.32366943359375 9.412591934204102 1.9840999841690063
169.14906311035156 34.32065963745117 1.187999963760376
122.5597152709961 51.3712043762207 0.944100022315979
200.26646423339844 -2.8406789302825928 0.45750001072883606
183.1862030029297 39.71725082397461 2.691999912261963
128.0934600830078 45.71010971069336 1.2900999784469604
229.06600952148438 50.452239990234375 3.5352001190185547
27.62679672241211 0.7202609777450562 0.7293000221252441
48.154052734375 -1.2286380529403687 2.3097000122070312
130.05364990234375 35.15311813354492 1.2293000221252441
145.41143798828125 27.74969482421875 1.6907000541687012
141.46115112304688 38.997589111328125 3.1070001125335693
169.7181854248047 22.42869758605957 1.624899983406067
128.88705444335938 12.217974662780762 1.6796000003814697
192.94308471679688 43.29159164428711 1.4527000188827515
257.8695983886719 30.090553283691406 1.1604000329971313
137.03016662597656 37.7624397277832 0.8406999707221985
183.1363983154297 11.718868255615234 1.4629000425338745
146.78944396972656 47.18051528930664 0.8130999803543091
145.41592407226562 35.384796142578125 3.3791000843048096
198.42779541015625 30.3775577545166 0.7307999730110168
231.69296264648438 14.898143768310547 2.198499917984009
150.57859802246094 69.24918365478516 1.4646999835968018
188.52122497558594 4.345775127410889 0.4740000069141388
141.9366455078125 12.190065383911133 1.1292999982833862
201.63465881347656 3.8577799797058105 3.272900104522705
255.3498992919922 38.860286712646484 1.1131999492645264
141.0637664794922 30.80884552001953 1.0825999975204468
180.1001739501953 19.52008819580078 3.7832999229431152
155.73178100585938 18.795700073242188 0.1761000007390976
243.87986755371094 1.0373179912567139 1.7598999738693237
132.96310424804688 5.010733127593994 1.8802000284194946
242.967041015625 16.240596771240234 3.886699914932251
346.3349304199219 13.265307426452637 0.3630000054836273
15.524556159973145 0.19916200637817383 0.7253000140190125
161.31141662597656 34.749244689941406 2.799999952316284
241.52590942382812 7.394125938415527 0.6629999876022339
231.8867950439453 21.247303009033203 1.8307000398635864
150.76138305664062 37.96416473388672 0.7027000188827515
130.68887329101562 32.887306213378906 2.3994998931884766
220.18899536132812 28.051719665527344 0.671999990940094
236.0235595703125 32.68010330200195 1.0465999841690063
148.37815856933594 4.458299160003662 1.2745000123977661
158.37222290039062 17.639965057373047 0.2924000024795532
213.7689208984375 15.96682071685791 0.3553999960422516
168.15089416503906 23.682209014892578 1.6016000509262085
196.8242645263672 7.687167167663574 0.677299976348877
204.47833251953125 33.62273406982422 4.0218000411987305
204.68516540527344 1.9176779985427856 1.961300015449524
202.6224365234375 49.907623291015625 2.865000009536743
163.97186279296875 9.901312828063965 4.008200168609619
196.8048858642578 44.187347412109375 1.596500039100647
219.75140380859375 5.874704837799072 3.3427000045776367
252.9453125 32.996883392333984 0.5651000142097473
237.69590759277344 42.012203216552734 0.48730000853538513
208.47467041015625 10.833952903747559 2.149600028991699
120.4625244140625 21.024478912353516 0.7019000053405762
125.18026733398438 0.3746410012245178 2.021699905395508
151.534912109375 4.954987049102783 2.251699924468994
208.54368591308594 44.12445831298828 1.5645999908447266
175.95440673828125 14.000932693481445 1.8137999773025513
142.1277313232422 -0.27035799622535706 1.1471999883651733
140.16526794433594 45.1747932434082 1.1579999923706055
117.406005859375 42.10354232788086 2.178100109100342
188.99610900878906 28.097484588623047 1.7490999698638916
234.22311401367188 43.450016021728516 0.82669997215271
120.07971954345703 21.080812454223633 1.3621000051498413
166.8240509033203 8.077295303344727 0.20080000162124634
139.23646545410156 15.452369689941406 1.5047999620437622
341.0754089355469 -1.2034759521484375 0.6474000215530396
51.154640197753906 0.7503949999809265 2.055999994277954
175.16372680664062 21.146970748901367 0.7032999992370605
247.2608184814453 37.408565521240234 0.9257000088691711
242.5322265625 50.04023742675781 1.8941999673843384
235.8657684326172 -1.492684006690979 1.2254999876022339
201.31564331054688 5.084479808807373 2.092600107192993
156.80899047851562 6.124213218688965 0.2696000039577484
162.4517059326172 48.079681396484375 0.8755000233650208
136.31944274902344 34.155921936035156 1.8722000122070312
343.6376037597656 -8.85589599609375 1.0355000495910645
32.34165954589844 -0.9154210090637207 1.3666000366210938
160.29330444335938 31.400781631469727 1.3995000123977661
210.27842712402344 38.81757736206055 0.8619999885559082
139.964111328125 18.775188446044922 0.8971999883651733
147.532958984375 23.969085693359375 3.1953001022338867
214.42247009277344 11.50191593170166 1.0393999814987183
141.76451110839844 13.153949737548828 1.9428999423980713
148.03720092773438 12.821921348571777 2.0655999183654785
233.00282287597656 20.22722816467285 1.3451999425888062
147.89820861816406 17.766618728637695 0.48100000619888306
122.52667999267578 27.496238708496094 1.6991000175476074
211.55859375 15.510472297668457 2.4540998935699463
198.9552764892578 -0.7205590009689331 1.9594999551773071
126.4461669921875 18.207944869995117 0.5253999829292297
161.26219177246094 44.75518798828125 1.0231000185012817
56.01451873779297 0.5741440057754517 2.0459001064300537
2.3424830436706543 0.09878499805927277 1.9967999458312988
197.01669311523438 29.84107208251953 1.2871999740600586
197.24632263183594 29.099594116210938 0.7488999962806702
219.50827026367188 0.9725350141525269 0.5724999904632568
158.89015197753906 9.455190658569336 1.3001999855041504
178.5322723388672 0.18707099556922913 1.6547000408172607
139.7457275390625 54.724430084228516 2.3654000759124756
123.040283203125 6.146399974822998 1.6019999980926514
201.20941162109375 56.6325798034668 1.2918000221252441
236.18649291992188 3.2413620948791504 1.6353000402450562
138.02288818359375 60.4407958984375 1.0503000020980835
234.40602111816406 15.272582054138184 3.806299924850464
240.5087890625 49.98453903198242 2.0244998931884766
163.67796325683594 10.72239875793457 1.3348000049591064
217.1593017578125 27.239839553833008 1.4571000337600708
194.8827667236328 15.478487014770508 1.9594999551773071
155.6130828857422 58.51515579223633 1.8666000366210938
207.45875549316406 45.036766052246094 0.771399974822998
187.9698944091797 45.512596130371094 2.93530011177063
121.82075500488281 6.088850975036621 1.2537000179290771
236.72665405273438 18.913127899169922 0.7592999935150146
126.17012786865234 9.570343971252441 1.2177000045776367
169.85472106933594 12.258942604064941 2.1598000526428223
119.55744934082031 28.2716064453125 1.509600043296814
154.6578369140625 30.373769760131836 2.0239999294281006
173.11412048339844 25.152873992919922 1.4235999584197998
127.47470092773438 6.700008869171143 0.7688000202178955
38.10195541381836 0.643409013748169 0.8069000244140625
202.6243438720703 6.396932125091553 1.9313000440597534
141.62539672851562 -0.7358450293540955 1.8738000392913818
353.740478515625 -0.14776399731636047 1.997499942779541
210.7971649169922 38.9888801574707 1.6354000568389893
228.78392028808594 -2.1011219024658203 1.0460000038146973
134.1873779296875 26.195735931396484 2.282399892807007
6.048577785491943 -0.7300270199775696 1.7944999933242798
223.99261474609375 6.652101993560791 0.7146999835968018
137.26885986328125 -0.04292700067162514 1.7632999420166016
38.714317321777344 -8.66808795928955 1.6088999509811401
122.78118133544922 5.356406211853027 1.1549999713897705
358.1854553222656 1.1799509525299072 1.5595999956130981
151.2093505859375 11.158193588256836 1.0470000505447388
116.22756958007812 44.3176155090332 2.0892999172210693
309.21942138671875 -0.47924500703811646 0.9279999732971191
150.89468383789062 5.042241096496582 1.4917000532150269
165.07508850097656 23.301494598388672 1.208400011062622
209.5298309326172 43.335052490234375 1.8818999528884888
258.8195495605469 34.445343017578125 1.7201000452041626
167.60011291503906 15.084220886230469 1.1923999786376953
174.31385803222656 -2.909893035888672 1.7625000476837158
203.18849182128906 47.372955322265625 0.6692000031471252
125.54093933105469 55.87866973876953 1.6705000400543213
25.465208053588867 14.027144432067871 2.1947999000549316
120.64956665039062 47.85945129394531 0.4090000092983246
134.49725341796875 23.914165496826172 1.506500005722046
190.0450439453125 10.736591339111328 0.8809999823570251
242.2242431640625 0.6945580244064331 1.385599970817566
173.60122680664062 61.66680145263672 2.0820999145507812
337.1309509277344 -0.12377200275659561 1.8992999792099
241.569580078125 51.41547393798828 0.28619998693466187
175.273193359375 25.884973526000977 0.8669000267982483
181.7580108642578 21.690311431884766 0.4415999948978424
344.6451416015625 0.8829879760742188 1.6288000345230103
142.04421997070312 8.608428955078125 0.7681999802589417
205.3260040283203 65.6941909790039 1.1832000017166138
306.7659606933594 14.385574340820312 2.8494999408721924
140.35162353515625 1.6429580450057983 1.6627999544143677
208.12501525878906 18.78687858581543 3.161799907684326
140.2105712890625 24.068634033203125 0.6381000280380249
331.5075988769531 -7.553382873535156 0.8999999761581421
40.26356506347656 0.4575999975204468 1.4573999643325806
182.62014770507812 2.9150590896606445 0.43970000743865967
219.8433837890625 29.165746688842773 3.596299886703491
142.00048828125 3.9878170490264893 1.1045000553131104
254.83323669433594 37.72575378417969 1.0247000455856323
125.1612319946289 52.45176315307617 2.4626998901367188
123.19819641113281 7.371117115020752 1.8752000331878662
137.29208374023438 56.50740051269531 2.0097999572753906
251.67832946777344 26.23253059387207 0.6139000058174133
320.4498291015625 -6.762935161590576 0.8827000260353088
168.59974670410156 8.185791969299316 1.3121999502182007
211.59353637695312 -1.208556056022644 1.154099941253662
170.85340881347656 29.17029571533203 0.7197999954223633
214.5797119140625 33.48575210571289 1.462399959564209
252.29367065429688 19.61334800720215 1.8451999425888062
213.3694610595703 22.234941482543945 1.4910999536514282
224.4368133544922 37.061065673828125 2.0885000228881836
338.3704528808594 0.017872000113129616 2.08870005607605
200.83851623535156 25.00762176513672 2.9892001152038574
216.29090881347656 25.890121459960938 1.5670000314712524
150.79788208007812 16.338029861450195 0.2883000075817108
56.15620803833008 -0.9472190141677856 1.1337000131607056
228.93319702148438 -1.31427800655365 2.0141000747680664
154.7255401611328 57.44659423828125 0.42980000376701355
223.62344360351562 44.72126770019531 1.0321999788284302
28.307594299316406 -8.972381591796875 2.466099977493286
139.26983642578125 0.887374997138977 1.5223000049591064
242.1663818359375 20.7242488861084 2.202699899673462
259.0940856933594 55.20372772216797 0.3224000036716461
206.7022705078125 41.588008880615234 0.3758000135421753
250.28790283203125 27.60576820373535 1.7905999422073364
3.8605310916900635 0.30366599559783936 1.3623000383377075
190.08480834960938 41.99216842651367 0.6430000066757202
139.14549255371094 16.879484176635742 1.6405999660491943
141.58331298828125 21.594974517822266 3.542799949645996
165.38658142089844 7.339898109436035 0.5917999744415283
186.26341247558594 16.40188217163086 0.5483999848365784
313.64404296875 -1.1069109439849854 1.0469000339508057
221.26197814941406 50.403255462646484 0.5109000205993652
155.71646118164062 58.47230529785156 1.7015999555587769
119.43357849121094 48.84096908569336 1.9010000228881836
145.3389892578125 56.67909622192383 2.03629994392395
18.272104263305664 26.21522331237793 1.4746999740600586
225.35264587402344 56.33047866821289 1.4670000076293945
174.97898864746094 25.119028091430664 0.736299991607666
190.24880981445312 60.24050521850586 0.4932999908924103
200.55238342285156 9.952444076538086 0.5072000026702881
127.83198547363281 34.437896728515625 2.105600118637085
225.27313232421875 28.77920913696289 1.0501999855041504
177.01470947265625 53.01293182373047 2.119999885559082
209.67262268066406 1.7212539911270142 1.7924000024795532
211.093505859375 62.87295913696289 1.2754000425338745
330.1832275390625 13.054412841796875 1.066100001335144
203.80352783203125 44.07147216796875 3.0857999324798584
125.814697265625 46.3659782409668 2.113800048828125
160.9748077392578 16.83600425720215 2.0648999214172363
137.73431396484375 25.763233184814453 1.8173999786376953
177.31553649902344 42.557228088378906 0.5871000289916992
199.07386779785156 16.136850357055664 2.3050999641418457
215.0322265625 48.8120231628418 3.252000093460083
250.07757568359375 13.108388900756836 1.4534000158309937
131.8558807373047 1.0587639808654785 0.9376999735832214
143.4512481689453 8.792766571044922 1.9646999835968018
180.44842529296875 3.33640193939209 1.7884000539779663
346.9375305175781 -0.8563200235366821 1.8319000005722046
135.7134246826172 10.124917984008789 1.2979999780654907
187.9640350341797 39.18777847290039 0.7576000094413757
353.4551696777344 -0.565447986125946 2.0025999546051025
213.2976837158203 62.81940841674805 1.8767999410629272
327.80670166015625 -1.2016220092773438 1.8801000118255615
208.7472686767578 -3.1755149364471436 1.3564000129699707
199.02301025390625 5.7435808181762695 0.5102999806404114
180.73516845703125 7.3441481590271 4.785299777984619
158.51217651367188 16.855371475219727 2.1103999614715576
40.49971008300781 -7.555247783660889 2.0822999477386475
138.36761474609375 39.74555206298828 1.5815999507904053
242.30795288085938 47.69214630126953 1.291599988937378
233.33802795410156 8.413437843322754 4.019199848175049
135.08905029296875 49.105979919433594 2.120699882507324
186.53343200683594 -0.10063000023365021 1.125599980354309
196.84774780273438 9.96434497833252 0.4327999949455261
182.03201293945312 12.767317771911621 1.7417999505996704
120.49996948242188 21.652238845825195 1.295199990272522
253.8687744140625 24.830854415893555 1.235700011253357
20.83626937866211 0.4273129999637604 1.554900050163269
202.2111358642578 23.163982391357422 3.266900062561035
237.5871124267578 4.336654186248779 2.7249999046325684
213.58973693847656 52.49448013305664 2.0295000076293945
219.85765075683594 1.73969304561615 1.063599944114685
0.3498460054397583 -10.416147232055664 1.0579999685287476
157.42190551757812 29.006698608398438 0.9077000021934509
228.85044860839844 58.868309020996094 1.351099967956543
168.20431518554688 19.328231811523438 1.1121000051498413
222.80072021484375 17.26711654663086 0.9088000059127808
238.8674774169922 22.551958084106445 1.8753999471664429
225.13246154785156 48.613037109375 1.028499960899353
148.3477020263672 61.82793045043945 0.6136999726295471
205.7772979736328 5.09788179397583 1.9537999629974365
209.35948181152344 4.5948591232299805 1.232100009918213
197.7316131591797 -1.4568040370941162 1.0025999546051025
141.31417846679688 49.59439468383789 1.2944999933242798
130.14578247070312 34.45361328125 1.43149995803833
173.21917724609375 19.989896774291992 0.8651000261306763
106.8463134765625 11.942304611206055 2.0566000938415527
202.61740112304688 46.304996490478516 2.028700113296509
206.94100952148438 22.815195083618164 1.7651000022888184
163.51710510253906 57.672149658203125 1.1021000146865845
207.2242431640625 52.668731689453125 0.4307999908924103
205.17001342773438 55.06391525268555 1.2948999404907227
149.9370880126953 35.5325813293457 2.2558999061584473
245.52407836914062 27.65220069885254 0.7197999954223633
148.45582580566406 45.19260025024414 1.5355000495910645
129.0259246826172 39.15187454223633 1.8924000263214111
44.125850677490234 -8.176725387573242 1.4046000242233276
170.32327270507812 26.020925521850586 2.8864998817443848
201.9849395751953 65.97392272949219 2.1623001098632812
146.6820831298828 23.889999389648438 1.0151000022888184
240.10089111328125 2.7989840507507324 1.37090003490448
160.0782012939453 30.121416091918945 2.1249001026153564
191.98158264160156 9.224226951599121 0.45719999074935913
216.5469512939453 8.271377563476562 1.7879999876022339
324.9841003417969 12.841339111328125 0.3921000063419342
212.87420654296875 30.466102600097656 1.5336999893188477
163.38548278808594 47.010433197021484 0.7455000281333923
146.81060791015625 18.84245491027832 0.8313000202178955
175.99537658691406 34.109031677246094 2.0999999046325684
136.52020263671875 27.05569839477539 1.9788000583648682
140.25125122070312 0.3896859884262085 2.4784998893737793
192.7698516845703 19.769617080688477 1.9670000076293945
1.8242629766464233 -0.8604940176010132 0.5259000062942505
215.60986328125 12.608560562133789 1.6187000274658203
235.8623046875 49.753509521484375 1.1384999752044678
235.07591247558594 -1.9433469772338867 0.6341000199317932
225.57273864746094 54.95013427734375 1.6197999715805054
156.8085174560547 43.16101837158203 1.664199948310852
120.74150085449219 7.468145847320557 0.5185999870300293
156.57408142089844 43.58606719970703 1.7312999963760376
242.8716278076172 30.083898544311523 1.6552000045776367
49.18979263305664 -0.09815800189971924 1.3971999883651733
164.36607360839844 6.646909236907959 2.021399974822998
146.34486389160156 33.75613784790039 0.3792000114917755
207.38043212890625 34.92389678955078 0.47290000319480896
144.40309143066406 -0.1255979984998703 1.7888000011444092
192.98904418945312 15.957784652709961 1.7496999502182007
221.7885284423828 10.640151977539062 3.674999952316284
139.2880859375 4.023406028747559 1.5815999507904053
205.1607666015625 35.98582077026367 1.6152000427246094
240.2381591796875 11.929062843322754 1.1430000066757202
25.52037811279297 1.2206419706344604 1.1190999746322632
198.2474365234375 1.506248950958252 1.5501999855041504
158.96319580078125 37.94492721557617 1.5135999917984009
129.52627563476562 35.193477630615234 2.9598000049591064
234.7067108154297 39.13325119018555 3.2583000659942627
193.78375244140625 62.34733200073242 1.9810999631881714
172.0493621826172 9.492880821228027 2.084700107574463
201.6116180419922 -2.5786008834838867 3.2216999530792236
125.569091796875 6.0624680519104 1.5848000049591064
130.01002502441406 34.76691818237305 1.0664000511169434
203.6711883544922 14.659955978393555 1.1569000482559204
150.76512145996094 33.201499938964844 0.7807000279426575
188.99293518066406 37.03596115112305 2.1596999168395996
155.68601989746094 -0.12651899456977844 1.4033000469207764
215.20523071289062 19.823841094970703 0.5349000096321106
204.0522918701172 6.492673873901367 0.4300000071525574
167.72840881347656 45.84895706176758 2.8234000205993652
178.25570678710938 25.17510986328125 1.3931000232696533
158.83628845214844 27.590349197387695 0.7594000101089478
215.90213012695312 41.3752326965332 1.0549999475479126
49.957191467285156 -6.916452884674072 0.7141000032424927
248.7757110595703 16.133607864379883 2.0724000930786133
4.487112045288086 -0.7897589802742004 1.8137999773025513
154.08396911621094 45.54935836791992 1.381600022315979
125.91362762451172 24.366344451904297 1.4642000198364258
156.2581787109375 39.123008728027344 1.8902000188827515
200.2101287841797 31.791133880615234 1.6226999759674072
178.86053466796875 57.235504150390625 1.563599944114685
133.06475830078125 16.733898162841797 1.0637999773025513
140.44981384277344 3.2968409061431885 1.7613999843597412
177.35983276367188 40.488460540771484 1.6955000162124634
9.497962951660156 15.928645133972168 0.5313000082969666
191.57630920410156 32.48241424560547 1.5604000091552734
174.59881591796875 1.656885027885437 1.0443999767303467
199.4201202392578 26.96784210205078 1.7417000532150269
203.54904174804688 2.4195799827575684 1.3324999809265137
151.2675018310547 25.72882652282715 0.6183000206947327
241.3397674560547 13.701648712158203 3.2997000217437744
193.0256805419922 55.60087203979492 2.5285000801086426
131.1630859375 45.15727996826172 1.9627000093460083
57.9624137878418 -6.2240071296691895 2.221299886703491
119.47815704345703 29.371686935424805 1.7391999959945679
204.33914184570312 21.209318161010742 1.7790000438690186
138.2398681640625 22.625831604003906 1.1013000011444092
132.24703979492188 6.256741046905518 1.3351999521255493
194.49789428710938 47.04592514038086 0.34220001101493835
149.5789031982422 28.36258316040039 3.5785000324249268
227.40740966796875 54.60527038574219 2.991300106048584
218.33428955078125 38.14769744873047 0.6722999811172485
189.8983612060547 2.5840859413146973 1.3104000091552734
260.9588928222656 54.38901901245117 1.9448000192642212
140.87411499023438 6.823600769042969 1.6553000211715698
223.72789001464844 -0.0873280018568039 1.4155000448226929
325.3304748535156 11.473767280578613 1.8884999752044678
